url_path,views_total,views_unique
/yinlinchen/Intro-to-Serverless,6,1
/yinlinchen/Intro-to-Serverless/actions/workflows/github-repo-stats.yml,2,1
/yinlinchen/Intro-to-Serverless/blob/github-repo-stats/yinlinchen/Intro-to-Serverless/latest-report/report.pdf,2,1
/yinlinchen/Intro-to-Serverless/tree/github-repo-stats,2,1
/yinlinchen/Intro-to-Serverless/actions,1,1
/yinlinchen/Intro-to-Serverless/blob/github-repo-stats/yinlinchen/Intro-to-Serverless/latest-report/report.html,1,1
/yinlinchen/Intro-to-Serverless/blob/master/example1/readme.md,1,1
/yinlinchen/Intro-to-Serverless/blob/master/.github/workflows/github-repo-stats.yml,1,1
/yinlinchen/Intro-to-Serverless/compare/github-repo-stats,1,1
/yinlinchen/Intro-to-Serverless/graphs/contributors,1,1
